2021/01/11-23:41:24.328189 7f3b81dff700 RocksDB version: 6.7.3
2021/01/11-23:41:24.331975 7f3b81dff700 Git sha rocksdb_build_git_sha:@0915c99f01b46f50af8e02da8b6528156f584b7c@
2021/01/11-23:41:24.331980 7f3b81dff700 Compile date Jun 29 2020
2021/01/11-23:41:24.332515 7f3b81dff700 DB SUMMARY
2021/01/11-23:41:24.332569 7f3b81dff700 SST files in /var/lib/sonic/store/kv/e6f474bf dir, Total Num: 0, files: 
2021/01/11-23:41:24.332576 7f3b81dff700 Write Ahead Log file in /var/lib/sonic/store/kv/e6f474bf: 
2021/01/11-23:41:24.332581 7f3b81dff700                         Options.error_if_exists: 0
2021/01/11-23:41:24.332584 7f3b81dff700                       Options.create_if_missing: 1
2021/01/11-23:41:24.332587 7f3b81dff700                         Options.paranoid_checks: 1
2021/01/11-23:41:24.332590 7f3b81dff700                                     Options.env: 0x5582161beec0
2021/01/11-23:41:24.332594 7f3b81dff700                                      Options.fs: Posix File System
2021/01/11-23:41:24.332597 7f3b81dff700                                Options.info_log: 0x7f3b70005b10
2021/01/11-23:41:24.332599 7f3b81dff700                Options.max_file_opening_threads: 16
2021/01/11-23:41:24.332602 7f3b81dff700                              Options.statistics: (nil)
2021/01/11-23:41:24.332605 7f3b81dff700                               Options.use_fsync: 0
2021/01/11-23:41:24.332607 7f3b81dff700                       Options.max_log_file_size: 0
2021/01/11-23:41:24.332610 7f3b81dff700                  Options.max_manifest_file_size: 1073741824
2021/01/11-23:41:24.332613 7f3b81dff700                   Options.log_file_time_to_roll: 0
2021/01/11-23:41:24.332615 7f3b81dff700                       Options.keep_log_file_num: 1000
2021/01/11-23:41:24.332618 7f3b81dff700                    Options.recycle_log_file_num: 0
2021/01/11-23:41:24.332620 7f3b81dff700                         Options.allow_fallocate: 1
2021/01/11-23:41:24.332622 7f3b81dff700                        Options.allow_mmap_reads: 0
2021/01/11-23:41:24.332625 7f3b81dff700                       Options.allow_mmap_writes: 0
2021/01/11-23:41:24.332627 7f3b81dff700                        Options.use_direct_reads: 0
2021/01/11-23:41:24.332629 7f3b81dff700                        Options.use_direct_io_for_flush_and_compaction: 0
2021/01/11-23:41:24.332632 7f3b81dff700          Options.create_missing_column_families: 0
2021/01/11-23:41:24.332634 7f3b81dff700                              Options.db_log_dir: 
2021/01/11-23:41:24.332636 7f3b81dff700                                 Options.wal_dir: /var/lib/sonic/store/kv/e6f474bf
2021/01/11-23:41:24.332638 7f3b81dff700                Options.table_cache_numshardbits: 6
2021/01/11-23:41:24.332641 7f3b81dff700                      Options.max_subcompactions: 1
2021/01/11-23:41:24.332643 7f3b81dff700                  Options.max_background_flushes: 1
2021/01/11-23:41:24.332645 7f3b81dff700                         Options.WAL_ttl_seconds: 0
2021/01/11-23:41:24.332648 7f3b81dff700                       Options.WAL_size_limit_MB: 0
2021/01/11-23:41:24.332650 7f3b81dff700                        Options.max_write_batch_group_size_bytes: 1048576
2021/01/11-23:41:24.332652 7f3b81dff700             Options.manifest_preallocation_size: 4194304
2021/01/11-23:41:24.332655 7f3b81dff700                     Options.is_fd_close_on_exec: 1
2021/01/11-23:41:24.332657 7f3b81dff700                   Options.advise_random_on_open: 1
2021/01/11-23:41:24.332659 7f3b81dff700                    Options.db_write_buffer_size: 0
2021/01/11-23:41:24.332662 7f3b81dff700                    Options.write_buffer_manager: 0x7f3b70005a10
2021/01/11-23:41:24.332664 7f3b81dff700         Options.access_hint_on_compaction_start: 1
2021/01/11-23:41:24.332666 7f3b81dff700  Options.new_table_reader_for_compaction_inputs: 0
2021/01/11-23:41:24.332669 7f3b81dff700           Options.random_access_max_buffer_size: 1048576
2021/01/11-23:41:24.332671 7f3b81dff700                      Options.use_adaptive_mutex: 0
2021/01/11-23:41:24.332673 7f3b81dff700                            Options.rate_limiter: (nil)
2021/01/11-23:41:24.332676 7f3b81dff700     Options.sst_file_manager.rate_bytes_per_sec: 0
2021/01/11-23:41:24.332707 7f3b81dff700                       Options.wal_recovery_mode: 2
2021/01/11-23:41:24.332711 7f3b81dff700                  Options.enable_thread_tracking: 0
2021/01/11-23:41:24.332729 7f3b81dff700                  Options.enable_pipelined_write: 0
2021/01/11-23:41:24.332733 7f3b81dff700                  Options.unordered_write: 0
2021/01/11-23:41:24.332736 7f3b81dff700         Options.allow_concurrent_memtable_write: 1
2021/01/11-23:41:24.332738 7f3b81dff700      Options.enable_write_thread_adaptive_yield: 1
2021/01/11-23:41:24.332741 7f3b81dff700             Options.write_thread_max_yield_usec: 100
2021/01/11-23:41:24.332743 7f3b81dff700            Options.write_thread_slow_yield_usec: 3
2021/01/11-23:41:24.332745 7f3b81dff700                               Options.row_cache: None
2021/01/11-23:41:24.332748 7f3b81dff700                              Options.wal_filter: None
2021/01/11-23:41:24.332751 7f3b81dff700             Options.avoid_flush_during_recovery: 0
2021/01/11-23:41:24.332753 7f3b81dff700             Options.allow_ingest_behind: 0
2021/01/11-23:41:24.332755 7f3b81dff700             Options.preserve_deletes: 0
2021/01/11-23:41:24.332758 7f3b81dff700             Options.two_write_queues: 0
2021/01/11-23:41:24.332760 7f3b81dff700             Options.manual_wal_flush: 0
2021/01/11-23:41:24.332762 7f3b81dff700             Options.atomic_flush: 0
2021/01/11-23:41:24.332764 7f3b81dff700             Options.avoid_unnecessary_blocking_io: 0
2021/01/11-23:41:24.332767 7f3b81dff700                 Options.persist_stats_to_disk: 0
2021/01/11-23:41:24.332769 7f3b81dff700                 Options.write_dbid_to_manifest: 0
2021/01/11-23:41:24.332771 7f3b81dff700                 Options.log_readahead_size: 0
2021/01/11-23:41:24.332774 7f3b81dff700             Options.max_background_jobs: 2
2021/01/11-23:41:24.332776 7f3b81dff700             Options.max_background_compactions: 1
2021/01/11-23:41:24.332778 7f3b81dff700             Options.avoid_flush_during_shutdown: 0
2021/01/11-23:41:24.332780 7f3b81dff700           Options.writable_file_max_buffer_size: 1048576
2021/01/11-23:41:24.332783 7f3b81dff700             Options.delayed_write_rate : 16777216
2021/01/11-23:41:24.332785 7f3b81dff700             Options.max_total_wal_size: 0
2021/01/11-23:41:24.332787 7f3b81dff700             Options.delete_obsolete_files_period_micros: 21600000000
2021/01/11-23:41:24.332790 7f3b81dff700                   Options.stats_dump_period_sec: 600
2021/01/11-23:41:24.332792 7f3b81dff700                 Options.stats_persist_period_sec: 600
2021/01/11-23:41:24.332795 7f3b81dff700                 Options.stats_history_buffer_size: 1048576
2021/01/11-23:41:24.332797 7f3b81dff700                          Options.max_open_files: 100
2021/01/11-23:41:24.332799 7f3b81dff700                          Options.bytes_per_sync: 0
2021/01/11-23:41:24.332802 7f3b81dff700                      Options.wal_bytes_per_sync: 0
2021/01/11-23:41:24.332804 7f3b81dff700                   Options.strict_bytes_per_sync: 0
2021/01/11-23:41:24.332807 7f3b81dff700       Options.compaction_readahead_size: 0
2021/01/11-23:41:24.332809 7f3b81dff700 Compression algorithms supported:
2021/01/11-23:41:24.332813 7f3b81dff700 	kZSTDNotFinalCompression supported: 1
2021/01/11-23:41:24.332816 7f3b81dff700 	kZSTD supported: 1
2021/01/11-23:41:24.332818 7f3b81dff700 	kXpressCompression supported: 0
2021/01/11-23:41:24.332821 7f3b81dff700 	kLZ4HCCompression supported: 1
2021/01/11-23:41:24.332823 7f3b81dff700 	kLZ4Compression supported: 1
2021/01/11-23:41:24.332826 7f3b81dff700 	kBZip2Compression supported: 1
2021/01/11-23:41:24.332828 7f3b81dff700 	kZlibCompression supported: 1
2021/01/11-23:41:24.332830 7f3b81dff700 	kSnappyCompression supported: 1
2021/01/11-23:41:24.332834 7f3b81dff700 Fast CRC32 supported: Supported on x86
2021/01/11-23:41:24.336731 7f3b81dff700 [db_impl/db_impl_open.cc:267] Creating manifest 1 
2021/01/11-23:41:24.344113 7f3b81dff700 [version_set.cc:4402] Recovering from manifest file: /var/lib/sonic/store/kv/e6f474bf/MANIFEST-000001
2021/01/11-23:41:24.344963 7f3b81dff700 [column_family.cc:552] --------------- Options for column family [default]:
2021/01/11-23:41:24.344970 7f3b81dff700               Options.comparator: leveldb.BytewiseComparator
2021/01/11-23:41:24.344973 7f3b81dff700           Options.merge_operator: None
2021/01/11-23:41:24.344975 7f3b81dff700        Options.compaction_filter: None
2021/01/11-23:41:24.344977 7f3b81dff700        Options.compaction_filter_factory: None
2021/01/11-23:41:24.344979 7f3b81dff700         Options.memtable_factory: SkipListFactory
2021/01/11-23:41:24.344982 7f3b81dff700            Options.table_factory: BlockBasedTable
2021/01/11-23:41:24.345029 7f3b81dff700            table_factory options:   flush_block_policy_factory: FlushBlockBySizePolicyFactory (0x7f3b700023f0)
  cache_index_and_filter_blocks: 0
  cache_index_and_filter_blocks_with_high_priority: 1
  pin_l0_filter_and_index_blocks_in_cache: 0
  pin_top_level_index_and_filter: 1
  index_type: 0
  data_block_index_type: 0
  index_shortening: 1
  data_block_hash_table_util_ratio: 0.750000
  hash_index_allow_collision: 1
  checksum: 1
  no_block_cache: 0
  block_cache: 0x7f3b70002440
  block_cache_name: LRUCache
  block_cache_options:
    capacity : 8388608
    num_shard_bits : 4
    strict_capacity_limit : 0
    memory_allocator : None
    high_pri_pool_ratio: 0.000
  block_cache_compressed: (nil)
  persistent_cache: (nil)
  block_size: 4096
  block_size_deviation: 10
  block_restart_interval: 16
  index_block_restart_interval: 1
  metadata_block_size: 4096
  partition_filters: 0
  use_delta_encoding: 1
  filter_policy: nullptr
  whole_key_filtering: 1
  verify_compression: 0
  read_amp_bytes_per_bit: 0
  format_version: 2
  enable_index_compression: 1
  block_align: 0
2021/01/11-23:41:24.345033 7f3b81dff700        Options.write_buffer_size: 16777216
2021/01/11-23:41:24.345035 7f3b81dff700  Options.max_write_buffer_number: 2
2021/01/11-23:41:24.345037 7f3b81dff700          Options.compression: ZSTD
2021/01/11-23:41:24.345039 7f3b81dff700                  Options.bottommost_compression: Disabled
2021/01/11-23:41:24.345041 7f3b81dff700       Options.prefix_extractor: nullptr
2021/01/11-23:41:24.345043 7f3b81dff700   Options.memtable_insert_with_hint_prefix_extractor: nullptr
2021/01/11-23:41:24.345045 7f3b81dff700             Options.num_levels: 7
2021/01/11-23:41:24.345047 7f3b81dff700        Options.min_write_buffer_number_to_merge: 1
2021/01/11-23:41:24.345049 7f3b81dff700     Options.max_write_buffer_number_to_maintain: 0
2021/01/11-23:41:24.345051 7f3b81dff700     Options.max_write_buffer_size_to_maintain: 0
2021/01/11-23:41:24.345053 7f3b81dff700            Options.bottommost_compression_opts.window_bits: -14
2021/01/11-23:41:24.345055 7f3b81dff700                  Options.bottommost_compression_opts.level: 32767
2021/01/11-23:41:24.345057 7f3b81dff700               Options.bottommost_compression_opts.strategy: 0
2021/01/11-23:41:24.345059 7f3b81dff700         Options.bottommost_compression_opts.max_dict_bytes: 0
2021/01/11-23:41:24.345061 7f3b81dff700         Options.bottommost_compression_opts.zstd_max_train_bytes: 0
2021/01/11-23:41:24.345063 7f3b81dff700                  Options.bottommost_compression_opts.enabled: false
2021/01/11-23:41:24.345064 7f3b81dff700            Options.compression_opts.window_bits: -14
2021/01/11-23:41:24.345066 7f3b81dff700                  Options.compression_opts.level: 32767
2021/01/11-23:41:24.345068 7f3b81dff700               Options.compression_opts.strategy: 0
2021/01/11-23:41:24.345070 7f3b81dff700         Options.compression_opts.max_dict_bytes: 0
2021/01/11-23:41:24.345072 7f3b81dff700         Options.compression_opts.zstd_max_train_bytes: 0
2021/01/11-23:41:24.345074 7f3b81dff700                  Options.compression_opts.enabled: false
2021/01/11-23:41:24.345076 7f3b81dff700      Options.level0_file_num_compaction_trigger: 4
2021/01/11-23:41:24.345078 7f3b81dff700          Options.level0_slowdown_writes_trigger: 20
2021/01/11-23:41:24.345080 7f3b81dff700              Options.level0_stop_writes_trigger: 36
2021/01/11-23:41:24.345101 7f3b81dff700                   Options.target_file_size_base: 67108864
2021/01/11-23:41:24.345103 7f3b81dff700             Options.target_file_size_multiplier: 1
2021/01/11-23:41:24.345105 7f3b81dff700                Options.max_bytes_for_level_base: 268435456
2021/01/11-23:41:24.345107 7f3b81dff700 Options.level_compaction_dynamic_level_bytes: 0
2021/01/11-23:41:24.345109 7f3b81dff700          Options.max_bytes_for_level_multiplier: 10.000000
2021/01/11-23:41:24.345124 7f3b81dff700 Options.max_bytes_for_level_multiplier_addtl[0]: 1
2021/01/11-23:41:24.345127 7f3b81dff700 Options.max_bytes_for_level_multiplier_addtl[1]: 1
2021/01/11-23:41:24.345129 7f3b81dff700 Options.max_bytes_for_level_multiplier_addtl[2]: 1
2021/01/11-23:41:24.345131 7f3b81dff700 Options.max_bytes_for_level_multiplier_addtl[3]: 1
2021/01/11-23:41:24.345133 7f3b81dff700 Options.max_bytes_for_level_multiplier_addtl[4]: 1
2021/01/11-23:41:24.345134 7f3b81dff700 Options.max_bytes_for_level_multiplier_addtl[5]: 1
2021/01/11-23:41:24.345136 7f3b81dff700 Options.max_bytes_for_level_multiplier_addtl[6]: 1
2021/01/11-23:41:24.345138 7f3b81dff700       Options.max_sequential_skip_in_iterations: 8
2021/01/11-23:41:24.345140 7f3b81dff700                    Options.max_compaction_bytes: 1677721600
2021/01/11-23:41:24.345142 7f3b81dff700                        Options.arena_block_size: 2097152
2021/01/11-23:41:24.345143 7f3b81dff700   Options.soft_pending_compaction_bytes_limit: 68719476736
2021/01/11-23:41:24.345145 7f3b81dff700   Options.hard_pending_compaction_bytes_limit: 274877906944
2021/01/11-23:41:24.345147 7f3b81dff700       Options.rate_limit_delay_max_milliseconds: 100
2021/01/11-23:41:24.345149 7f3b81dff700                Options.disable_auto_compactions: 0
2021/01/11-23:41:24.345151 7f3b81dff700                        Options.compaction_style: kCompactionStyleLevel
2021/01/11-23:41:24.345154 7f3b81dff700                          Options.compaction_pri: kMinOverlappingRatio
2021/01/11-23:41:24.345156 7f3b81dff700 Options.compaction_options_universal.size_ratio: 1
2021/01/11-23:41:24.345158 7f3b81dff700 Options.compaction_options_universal.min_merge_width: 2
2021/01/11-23:41:24.345159 7f3b81dff700 Options.compaction_options_universal.max_merge_width: 4294967295
2021/01/11-23:41:24.345161 7f3b81dff700 Options.compaction_options_universal.max_size_amplification_percent: 200
2021/01/11-23:41:24.345163 7f3b81dff700 Options.compaction_options_universal.compression_size_percent: -1
2021/01/11-23:41:24.345165 7f3b81dff700 Options.compaction_options_universal.stop_style: kCompactionStopStyleTotalSize
2021/01/11-23:41:24.345167 7f3b81dff700 Options.compaction_options_fifo.max_table_files_size: 1073741824
2021/01/11-23:41:24.345169 7f3b81dff700 Options.compaction_options_fifo.allow_compaction: 0
2021/01/11-23:41:24.345171 7f3b81dff700                   Options.table_properties_collectors: 
2021/01/11-23:41:24.345173 7f3b81dff700                   Options.inplace_update_support: 0
2021/01/11-23:41:24.345175 7f3b81dff700                 Options.inplace_update_num_locks: 10000
2021/01/11-23:41:24.345177 7f3b81dff700               Options.memtable_prefix_bloom_size_ratio: 0.000000
2021/01/11-23:41:24.345179 7f3b81dff700               Options.memtable_whole_key_filtering: 0
2021/01/11-23:41:24.345181 7f3b81dff700   Options.memtable_huge_page_size: 0
2021/01/11-23:41:24.345183 7f3b81dff700                           Options.bloom_locality: 0
2021/01/11-23:41:24.345185 7f3b81dff700                    Options.max_successive_merges: 0
2021/01/11-23:41:24.345186 7f3b81dff700                Options.optimize_filters_for_hits: 0
2021/01/11-23:41:24.345188 7f3b81dff700                Options.paranoid_file_checks: 0
2021/01/11-23:41:24.345189 7f3b81dff700                Options.force_consistency_checks: 0
2021/01/11-23:41:24.345191 7f3b81dff700                Options.report_bg_io_stats: 0
2021/01/11-23:41:24.345193 7f3b81dff700                               Options.ttl: 2592000
2021/01/11-23:41:24.345195 7f3b81dff700          Options.periodic_compaction_seconds: 0
2021/01/11-23:41:24.346469 7f3b81dff700 [version_set.cc:4554] Recovered from manifest file:/var/lib/sonic/store/kv/e6f474bf/MANIFEST-000001 succeeded,manifest_file_number is 1, next_file_number is 3, last_sequence is 0, log_number is 0,prev_log_number is 0,max_column_family is 0,min_log_number_to_keep is 0
2021/01/11-23:41:24.346483 7f3b81dff700 [version_set.cc:4563] Column family [default] (ID 0), log number is 0
2021/01/11-23:41:24.352764 7f3b81dff700 DB pointer 0x7f3b700045a0
2021/01/11-23:41:24.353077 7f3b4f7f6700 [db_impl/db_impl.cc:850] ------- DUMPING STATS -------
2021/01/11-23:41:24.353129 7f3b4f7f6700 [db_impl/db_impl.cc:851] 
** DB Stats **
Uptime(secs): 0.0 total, 0.0 interval
Cumulative writes: 0 writes, 0 keys, 0 commit groups, 0.0 writes per commit group, ingest: 0.00 GB, 0.00 MB/s
Cumulative WAL: 0 writes, 0 syncs, 0.00 writes per sync, written: 0.00 GB, 0.00 MB/s
Cumulative stall: 00:00:0.000 H:M:S, 0.0 percent
Interval writes: 0 writes, 0 keys, 0 commit groups, 0.0 writes per commit group, ingest: 0.00 MB, 0.00 MB/s
Interval WAL: 0 writes, 0 syncs, 0.00 writes per sync, written: 0.00 MB, 0.00 MB/s
Interval stall: 00:00:0.000 H:M:S, 0.0 percent

** Compaction Stats [default] **
Level    Files   Size     Score Read(GB)  Rn(GB) Rnp1(GB) Write(GB) Wnew(GB) Moved(GB) W-Amp Rd(MB/s) Wr(MB/s) Comp(sec) CompMergeCPU(sec) Comp(cnt) Avg(sec) KeyIn KeyDrop
----------------------------------------------------------------------------------------------------------------------------------------------------------------------------
 Sum      0/0    0.00 KB   0.0      0.0     0.0      0.0       0.0      0.0       0.0   0.0      0.0      0.0      0.00              0.00         0    0.000       0      0
 Int      0/0    0.00 KB   0.0      0.0     0.0      0.0       0.0      0.0       0.0   0.0      0.0      0.0      0.00              0.00         0    0.000       0      0

** Compaction Stats [default] **
Priority    Files   Size     Score Read(GB)  Rn(GB) Rnp1(GB) Write(GB) Wnew(GB) Moved(GB) W-Amp Rd(MB/s) Wr(MB/s) Comp(sec) CompMergeCPU(sec) Comp(cnt) Avg(sec) KeyIn KeyDrop
-------------------------------------------------------------------------------------------------------------------------------------------------------------------------------
Uptime(secs): 0.0 total, 0.0 interval
Flush(GB): cumulative 0.000, interval 0.000
AddFile(GB): cumulative 0.000, interval 0.000
AddFile(Total Files): cumulative 0, interval 0
AddFile(L0 Files): cumulative 0, interval 0
AddFile(Keys): cumulative 0, interval 0
Cumulative compaction: 0.00 GB write, 0.00 MB/s write, 0.00 GB read, 0.00 MB/s read, 0.0 seconds
Interval compaction: 0.00 GB write, 0.00 MB/s write, 0.00 GB read, 0.00 MB/s read, 0.0 seconds
Stalls(count): 0 level0_slowdown, 0 level0_slowdown_with_compaction, 0 level0_numfiles, 0 level0_numfiles_with_compaction, 0 stop for pending_compaction_bytes, 0 slowdown for pending_compaction_bytes, 0 memtable_compaction, 0 memtable_slowdown, interval 0 total count

** File Read Latency Histogram By Level [default] **

** Compaction Stats [default] **
Level    Files   Size     Score Read(GB)  Rn(GB) Rnp1(GB) Write(GB) Wnew(GB) Moved(GB) W-Amp Rd(MB/s) Wr(MB/s) Comp(sec) CompMergeCPU(sec) Comp(cnt) Avg(sec) KeyIn KeyDrop
----------------------------------------------------------------------------------------------------------------------------------------------------------------------------
 Sum      0/0    0.00 KB   0.0      0.0     0.0      0.0       0.0      0.0       0.0   0.0      0.0      0.0      0.00              0.00         0    0.000       0      0
 Int      0/0    0.00 KB   0.0      0.0     0.0      0.0       0.0      0.0       0.0   0.0      0.0      0.0      0.00              0.00         0    0.000       0      0

** Compaction Stats [default] **
Priority    Files   Size     Score Read(GB)  Rn(GB) Rnp1(GB) Write(GB) Wnew(GB) Moved(GB) W-Amp Rd(MB/s) Wr(MB/s) Comp(sec) CompMergeCPU(sec) Comp(cnt) Avg(sec) KeyIn KeyDrop
-------------------------------------------------------------------------------------------------------------------------------------------------------------------------------
Uptime(secs): 0.0 total, 0.0 interval
Flush(GB): cumulative 0.000, interval 0.000
AddFile(GB): cumulative 0.000, interval 0.000
AddFile(Total Files): cumulative 0, interval 0
AddFile(L0 Files): cumulative 0, interval 0
AddFile(Keys): cumulative 0, interval 0
Cumulative compaction: 0.00 GB write, 0.00 MB/s write, 0.00 GB read, 0.00 MB/s read, 0.0 seconds
Interval compaction: 0.00 GB write, 0.00 MB/s write, 0.00 GB read, 0.00 MB/s read, 0.0 seconds
Stalls(count): 0 level0_slowdown, 0 level0_slowdown_with_compaction, 0 level0_numfiles, 0 level0_numfiles_with_compaction, 0 stop for pending_compaction_bytes, 0 slowdown for pending_compaction_bytes, 0 memtable_compaction, 0 memtable_slowdown, interval 0 total count

** File Read Latency Histogram By Level [default] **
2021/01/11-23:51:24.353424 7f3b4f7f6700 [db_impl/db_impl.cc:850] ------- DUMPING STATS -------
2021/01/11-23:51:24.353553 7f3b4f7f6700 [db_impl/db_impl.cc:851] 
** DB Stats **
Uptime(secs): 600.0 total, 600.0 interval
Cumulative writes: 41 writes, 41 keys, 41 commit groups, 1.0 writes per commit group, ingest: 0.00 GB, 0.00 MB/s
Cumulative WAL: 41 writes, 0 syncs, 41.00 writes per sync, written: 0.00 GB, 0.00 MB/s
Cumulative stall: 00:00:0.000 H:M:S, 0.0 percent
Interval writes: 41 writes, 41 keys, 41 commit groups, 1.0 writes per commit group, ingest: 0.00 MB, 0.00 MB/s
Interval WAL: 41 writes, 0 syncs, 41.00 writes per sync, written: 0.00 MB, 0.00 MB/s
Interval stall: 00:00:0.000 H:M:S, 0.0 percent

** Compaction Stats [default] **
Level    Files   Size     Score Read(GB)  Rn(GB) Rnp1(GB) Write(GB) Wnew(GB) Moved(GB) W-Amp Rd(MB/s) Wr(MB/s) Comp(sec) CompMergeCPU(sec) Comp(cnt) Avg(sec) KeyIn KeyDrop
----------------------------------------------------------------------------------------------------------------------------------------------------------------------------
 Sum      0/0    0.00 KB   0.0      0.0     0.0      0.0       0.0      0.0       0.0   0.0      0.0      0.0      0.00              0.00         0    0.000       0      0
 Int      0/0    0.00 KB   0.0      0.0     0.0      0.0       0.0      0.0       0.0   0.0      0.0      0.0      0.00              0.00         0    0.000       0      0

** Compaction Stats [default] **
Priority    Files   Size     Score Read(GB)  Rn(GB) Rnp1(GB) Write(GB) Wnew(GB) Moved(GB) W-Amp Rd(MB/s) Wr(MB/s) Comp(sec) CompMergeCPU(sec) Comp(cnt) Avg(sec) KeyIn KeyDrop
-------------------------------------------------------------------------------------------------------------------------------------------------------------------------------
Uptime(secs): 600.0 total, 600.0 interval
Flush(GB): cumulative 0.000, interval 0.000
AddFile(GB): cumulative 0.000, interval 0.000
AddFile(Total Files): cumulative 0, interval 0
AddFile(L0 Files): cumulative 0, interval 0
AddFile(Keys): cumulative 0, interval 0
Cumulative compaction: 0.00 GB write, 0.00 MB/s write, 0.00 GB read, 0.00 MB/s read, 0.0 seconds
Interval compaction: 0.00 GB write, 0.00 MB/s write, 0.00 GB read, 0.00 MB/s read, 0.0 seconds
Stalls(count): 0 level0_slowdown, 0 level0_slowdown_with_compaction, 0 level0_numfiles, 0 level0_numfiles_with_compaction, 0 stop for pending_compaction_bytes, 0 slowdown for pending_compaction_bytes, 0 memtable_compaction, 0 memtable_slowdown, interval 0 total count

** File Read Latency Histogram By Level [default] **

** Compaction Stats [default] **
Level    Files   Size     Score Read(GB)  Rn(GB) Rnp1(GB) Write(GB) Wnew(GB) Moved(GB) W-Amp Rd(MB/s) Wr(MB/s) Comp(sec) CompMergeCPU(sec) Comp(cnt) Avg(sec) KeyIn KeyDrop
----------------------------------------------------------------------------------------------------------------------------------------------------------------------------
 Sum      0/0    0.00 KB   0.0      0.0     0.0      0.0       0.0      0.0       0.0   0.0      0.0      0.0      0.00              0.00         0    0.000       0      0
 Int      0/0    0.00 KB   0.0      0.0     0.0      0.0       0.0      0.0       0.0   0.0      0.0      0.0      0.00              0.00         0    0.000       0      0

** Compaction Stats [default] **
Priority    Files   Size     Score Read(GB)  Rn(GB) Rnp1(GB) Write(GB) Wnew(GB) Moved(GB) W-Amp Rd(MB/s) Wr(MB/s) Comp(sec) CompMergeCPU(sec) Comp(cnt) Avg(sec) KeyIn KeyDrop
-------------------------------------------------------------------------------------------------------------------------------------------------------------------------------
Uptime(secs): 600.0 total, 0.0 interval
Flush(GB): cumulative 0.000, interval 0.000
AddFile(GB): cumulative 0.000, interval 0.000
AddFile(Total Files): cumulative 0, interval 0
AddFile(L0 Files): cumulative 0, interval 0
AddFile(Keys): cumulative 0, interval 0
Cumulative compaction: 0.00 GB write, 0.00 MB/s write, 0.00 GB read, 0.00 MB/s read, 0.0 seconds
Interval compaction: 0.00 GB write, 0.00 MB/s write, 0.00 GB read, 0.00 MB/s read, 0.0 seconds
Stalls(count): 0 level0_slowdown, 0 level0_slowdown_with_compaction, 0 level0_numfiles, 0 level0_numfiles_with_compaction, 0 stop for pending_compaction_bytes, 0 slowdown for pending_compaction_bytes, 0 memtable_compaction, 0 memtable_slowdown, interval 0 total count

** File Read Latency Histogram By Level [default] **
2021/01/11-23:56:33.151218 7f3b829ff700 [db_impl/db_impl_compaction_flush.cc:1307] [default] Manual flush start.
2021/01/11-23:56:33.152134 7f3b829ff700 [db_impl/db_impl_write.cc:1669] [default] New memtable created with log file: #6. Immutable memtables: 0.
2021/01/11-23:56:33.152307 7f3b63fff700 (Original Log Time 2021/01/11-23:56:33.152268) [db_impl/db_impl_compaction_flush.cc:2196] Calling FlushMemTableToOutputFile with column family [default], flush slots available 1, compaction slots available 1, flush slots scheduled 1, compaction slots scheduled 0
2021/01/11-23:56:33.152319 7f3b63fff700 [flush_job.cc:321] [default] [JOB 2] Flushing memtable with next log file: 6
2021/01/11-23:56:33.152371 7f3b63fff700 EVENT_LOG_v1 {"time_micros": 1610409393152360, "job": 2, "event": "flush_started", "num_memtables": 1, "num_entries": 41, "num_deletes": 0, "total_data_size": 1205, "memory_usage": 2544, "flush_reason": "Manual Flush"}
2021/01/11-23:56:33.152387 7f3b63fff700 [flush_job.cc:350] [default] [JOB 2] Level-0 flush table #7: started
2021/01/11-23:56:33.158862 7f3b63fff700 EVENT_LOG_v1 {"time_micros": 1610409393158830, "cf_name": "default", "job": 2, "event": "table_file_creation", "file_number": 7, "file_size": 1313, "table_properties": {"data_size": 527, "index_size": 36, "index_partitions": 0, "top_level_index_size": 0, "index_key_is_user_key": 0, "index_value_is_delta_encoded": 0, "filter_size": 0, "raw_key_size": 476, "raw_average_key_size": 17, "raw_value_size": 368, "raw_average_value_size": 13, "num_data_blocks": 1, "num_entries": 28, "num_deletions": 0, "num_merge_operands": 0, "num_range_deletions": 0, "format_version": 0, "fixed_key_len": 0, "filter_policy": "", "column_family_name": "default", "column_family_id": 0, "comparator": "leveldb.BytewiseComparator", "merge_operator": "nullptr", "prefix_extractor_name": "nullptr", "property_collectors": "[]", "compression": "ZSTD", "compression_options": "window_bits=-14; level=32767; strategy=0; max_dict_bytes=0; zstd_max_train_bytes=0; enabled=0; ", "creation_time": 1610409393, "oldest_key_time": 1610408484, "file_creation_time": 1610409393}}
2021/01/11-23:56:33.158884 7f3b63fff700 [flush_job.cc:396] [default] [JOB 2] Level-0 flush table #7: 1313 bytes OK
2021/01/11-23:56:33.161112 7f3b63fff700 [version_set.cc:3815] Creating manifest 8
2021/01/11-23:56:33.167037 7f3b63fff700 (Original Log Time 2021/01/11-23:56:33.161089) [memtable_list.cc:447] [default] Level-0 commit table #7 started
2021/01/11-23:56:33.167042 7f3b63fff700 (Original Log Time 2021/01/11-23:56:33.166957) [memtable_list.cc:503] [default] Level-0 commit table #7: memtable #1 done
2021/01/11-23:56:33.167046 7f3b63fff700 (Original Log Time 2021/01/11-23:56:33.166982) EVENT_LOG_v1 {"time_micros": 1610409393166974, "job": 2, "event": "flush_finished", "output_compression": "ZSTD", "lsm_state": [1, 0, 0, 0, 0, 0, 0], "immutable_memtables": 0}
2021/01/11-23:56:33.167049 7f3b63fff700 (Original Log Time 2021/01/11-23:56:33.167006) [db_impl/db_impl_compaction_flush.cc:205] [default] Level summary: files[1 0 0 0 0 0 0] max score 0.25
2021/01/11-23:56:33.167058 7f3b63fff700 [db_impl/db_impl_files.cc:353] [JOB 2] Try to delete WAL files size 1410, prev total WAL file size 1410, number of live WAL files 2.
